MergeSort for random array
297.0 406.25 654.25 883.75 1078.25 1446.0 1698.5 1954.0 2135.25 2392.75 2856.0 3159.5 3500.75 3728.0 3949.25 4204.75 4571.0 4687.75 4986.5 5158.75 5888.75 6236.5 6584.25 7060.0 7362.0 7533.5 8204.25 8257.0 8289.5 8663.25
37919.0 97812.0 162085.0 220053.0 285900.0 351929.0 431193.0 513075.0 584986.0 660515.0 722910.0 807505.0 889935.0 960500.0 1050178.0 1113762.0 1194918.0 1270519.0 1341965.0 1435733.0 1524631.0 1585920.0 1664245.0 1776331.0 1847879.0 1933170.0 2017663.0 2101936.0 2184445.0 2281470.0

MergeSort for reversed array
195.5 400.25 638.25 811.25 996.75 1341.75 1582.75 1765.0 2008.25 2190.0 2652.0 2955.0 3147.5 3359.5 3656.5 3968.75 4160.75 4436.0 4679.5 4824.25 5464.25 5853.25 6189.0 6495.75 6724.75 7013.0 7280.5 7487.0 8073.75 8075.0
24092.0 53958.0 90539.0 121901.0 161447.0 206070.0 212224.0 266863.0 306589.0 381241.0 414010.0 435823.0 422506.0 484900.0 612589.0 603835.0 627607.0 708937.0 719986.0 806048.0 850264.0 913027.0 945205.0 936157.0 1028477.0 1018767.0 1108795.0 1069020.0 1229031.0 1255551.0

MergeSort for nearly sorted array
177.0 380.25 623.25 830.0 1014.0 1407.0 1599.75 1823.25 2041.75 2240.5 2709.5 2972.25 3232.5 3527.5 3741.5 3938.5 4197.75 4443.5 4713.0 5206.0 5677.0 6023.25 6359.0 6647.5 6927.25 7244.5 7559.0 7903.75 8157.0 8352.75
47152.0 102328.0 157936.0 229066.0 275195.0 343133.0 394407.0 486041.0 543490.0 611594.0 694952.0 774759.0 826632.0 926378.0 991448.0 1070779.0 1137903.0 1223790.0 1296314.0 1381579.0 1459626.0 1577874.0 1629644.0 1744721.0 1787408.0 1866533.0 1976858.0 2053290.0 2146880.0 2189205.0

QuickSort for random array
26.0 66.25 95.0 143.5 167.0 210.0 268.75 286.25 349.5 388.25 470.75 472.0 515.0 592.75 639.0 658.0 714.25 746.75 872.5 879.25 907.5 954.25 1043.0 1090.5 1095.0 1195.0 1248.75 1237.75 1266.25 1354.5
34066.0 126143.0 196624.0 272116.0 360453.0 421761.0 548547.0 615120.0 742240.0 808535.0 762855.0 969385.0 1122504.0 1356032.0 1343162.0 1397748.0 1585685.0 1488734.0 1773773.0 1981832.0 1948796.0 1954783.0 2132587.0 2222407.0 2395622.0 2341779.0 2528584.0 2505046.0 2465855.0 3088996.0

QuickSort for reversed array
32.25 69.25 91.5 122.75 165.25 201.5 253.25 255.75 305.25 349.75 388.5 482.5 518.0 526.5 585.75 603.75 639.5 664.25 731.5 770.5 812.0 825.25 875.0 971.25 988.5 1062.25 1144.75 1087.5 1121.75 1164.0
80164.0 133753.0 208771.0 329202.0 397707.0 490866.0 576301.0 602759.0 704210.0 826931.0 948534.0 990315.0 1190551.0 1223080.0 1328432.0 1403924.0 1371540.0 1425089.0 1760925.0 1770380.0 1852361.0 1773300.0 2260839.0 2278285.0 2586280.0 2726452.0 2279381.0 2464110.0 2912571.0 2742728.0

QuickSort for nearly sorted array
28.25 53.25 83.25 116.75 175.25 174.25 237.75 260.5 304.75 330.75 419.75 486.0 503.25 512.0 591.25 565.25 636.75 714.75 707.5 766.0 792.0 846.25 850.0 956.0 987.25 986.0 1057.5 1164.0 1160.25 1267.0
70945.0 129332.0 180093.0 269535.0 382078.0 414918.0 564940.0 543868.0 749753.0 715001.0 978715.0 1002711.0 1196391.0 1249675.0 1446098.0 1315990.0 1500968.0 1409255.0 1596973.0 1767118.0 1825825.0 2094454.0 1997796.0 2271151.0 2338950.0 2345544.0 2391872.0 2517220.0 2471882.0 2560630.0

StringQuickSort for random array
499.0 1153.75 1776.5 2365.75 2938.0 3841.0 4548.25 5203.0 6065.25 6517.25 7461.5 8072.75 8900.75 9980.0 11102.0 12199.75 13755.25 14514.75 13549.0 14635.5 15264.25 15650.5 16562.5 17699.25 20305.25 22574.75 21481.5 21270.5 23072.5 25521.0
1012.0 2638.75 4062.25 5781.25 6775.75 9566.0 10910.0 12625.5 14812.25 16746.75 17829.75 19828.25 21316.0 24984.75 25428.25 28471.75 30710.25 31831.25 33873.75 36200.5 37011.75 39178.75 42251.25 43206.75 49789.5 50741.5 52031.5 53505.0 55463.25 59596.0

StringQuickSort for reversed array
498.5 1055.25 1747.5 2324.5 3088.0 3660.0 4323.5 5300.75 5549.5 6119.75 7034.5 8119.0 9555.5 9788.5 10327.75 10860.75 11115.5 12787.5 12692.75 14086.25 14600.0 15685.75 16300.0 17384.25 17943.0 18094.0 19304.0 22171.25 20997.25 22141.25
1117.25 2515.75 4294.75 5781.0 8149.75 9318.0 11140.5 12939.5 14332.25 15692.5 18032.75 21096.25 23946.0 26336.25 27002.25 27765.75 29032.0 33329.5 32792.5 36457.5 37228.0 41096.25 41632.25 44347.25 50798.25 47853.0 51209.0 59298.0 54700.5 56062.5

StringQuickSort for nearly sorted array
583.75 1019.5 1845.75 2387.0 9512.0 7833.5 4831.5 5581.5 5798.0 7023.75 8997.75 9396.75 9190.75 12015.5 11042.0 12046.5 12371.75 13267.25 13077.5 15266.25 14742.5 16990.25 17200.5 17968.75 19162.5 20780.0 20560.5 23376.75 22611.25 44695.0
1179.0 2331.0 4090.5 5530.0 8303.5 8846.0 10916.0 13728.0 13757.0 16180.0 18780.5 20130.5 22968.5 24637.5 26497.0 29111.0 30133.0 33821.5 33649.5 36512.5 39069.5 42360.0 43243.0 47442.5 45688.5 54005.5 51867.5 54832.75 56719.75 56659.5

MSDSort for random array
193.75 390.0 571.75 772.5 940.75 1179.0 1380.5 1476.25 1683.75 1949.5 2409.0 4158.25 3054.25 13356.25 4355.25 3722.75 4029.25 3919.5 5463.75 4495.75 6227.0 4802.5 5295.5 5547.75 5675.0 5967.0 6595.5 6496.25 6781.75 7126.5
0.0 0.0 0.0 0.0 0.0 0.0 0.0 0.0 0.0 0.0 0.0 0.0 0.0 0.0 0.0 0.0 0.0 0.0 0.0 0.0 0.0 0.0 0.0 0.0 0.0 0.0 0.0 0.0 0.0 0.0

MSDSort for reversed array
214.25 406.0 645.75 870.5 1079.75 1275.5 1550.25 2010.75 1998.0 2486.25 2417.5 2678.0 3046.0 3220.75 3365.75 4192.25 4152.75 4485.5 4664.75 5458.0 5010.5 6219.5 5433.75 5733.5 6355.25 7251.75 6889.0 6135.0 6345.0 6679.25
0.0 0.0 0.0 0.0 0.0 0.0 0.0 0.0 0.0 0.0 0.0 0.0 0.0 0.0 0.0 0.0 0.0 0.0 0.0 0.0 0.0 0.0 0.0 0.0 0.0 0.0 0.0 0.0 0.0 0.0

MSDSort for nearly sorted array
176.75 363.75 559.25 763.0 1047.25 1282.25 1439.25 1669.25 2149.5 2238.25 2409.0 3719.25 2776.25 3221.75 6587.0 4049.75 5209.75 4379.75 4300.75 4450.0 6244.5 5014.75 5360.0 5362.5 5973.0 6062.5 5929.75 7197.5 6786.75 7034.25
0.0 0.0 0.0 0.0 0.0 0.0 0.0 0.0 0.0 0.0 0.0 0.0 0.0 0.0 0.0 0.0 0.0 0.0 0.0 0.0 0.0 0.0 0.0 0.0 0.0 0.0 0.0 0.0 0.0 0.0

MSDQuickSort for random array
146.0 562.5 946.25 7719.75 1784.0 2151.25 3147.5 3349.5 3895.0 4694.25 4843.75 5285.0 5987.25 6405.75 6893.25 7612.25 8270.25 8837.0 9678.75 10645.75 11079.5 21497.0 23394.5 12767.0 13160.5 13697.75 14560.75 22114.25 15551.75 16149.75
45.5 330.0 666.0 1153.0 1724.5 2331.5 2976.0 3678.5 4499.0 5138.5 6026.5 6833.5 7778.5 8691.0 9509.0 10554.5 11512.5 12387.5 13507.0 14472.0 15531.0 16349.0 17477.5 18773.0 19633.5 20558.75 21913.5 22803.25 23947.25 25011.5

MSDQuickSort for reversed array
520.25 1076.0 1621.0 2118.75 2659.25 4679.25 3795.5 4465.5 4871.5 5419.5 6015.0 8186.5 7485.25 7947.25 8434.25 11915.0 10189.75 10051.75 11314.75 11085.5 11845.25 12282.25 13018.25 13423.0 14160.75 21987.0 15362.75 15702.5 32385.75 18523.5
806.5 1703.5 2578.0 3475.5 4322.5 5266.5 6075.0 6946.5 7780.5 8549.5 9500.5 10300.0 11218.5 12107.5 12916.0 13806.0 14603.0 15552.0 16375.5 17289.5 18377.0 19574.75 20436.75 21246.25 22165.75 23029.25 23950.5 24756.5 25643.0 26564.5

MSDQuickSort for nearly sorted array
378.75 814.25 1289.0 1859.75 2604.75 2911.5 3351.75 4922.75 6596.5 5651.0 5441.5 6036.5 6418.5 8188.5 7723.25 8738.25 9598.25 9916.5 11373.25 12738.75 11499.75 11538.75 12731.75 12764.0 12711.0 13352.75 13860.75 14754.5 15183.0 15558.5
533.0 1206.25 1971.5 2695.75 3436.5 4182.5 4974.25 5727.0 6638.75 7401.75 8533.0 9205.0 10197.25 11018.75 11810.25 12693.0 13605.25 14419.25 15197.5 16043.75 16739.0 17496.0 18314.0 19327.0 19938.0 20973.0 22067.0 23506.0 24000.0 25108.0

